5.015501976013183594e-01
1.907286643981933594e-01
1.281125992536544800e-01
1.104653626680374146e-01
1.298415809869766235e-01
1.235501617193222046e-01
8.663912862539291382e-02
8.886702358722686768e-02
7.128698378801345825e-02
8.228475600481033325e-02
5.912871658802032471e-02
8.115443587303161621e-02
7.850923389196395874e-02
5.653511732816696167e-02
4.993638023734092712e-02
7.228821516036987305e-02
4.095265269279479980e-02
6.784334033727645874e-02
3.915908560156822205e-02
3.995705768465995789e-02
5.553871765732765198e-02
3.592845052480697632e-02
3.793541714549064636e-02
4.055215418338775635e-02
4.659787192940711975e-02
4.543108120560646057e-02
4.662139341235160828e-02
4.340343922376632690e-02
5.383034795522689819e-02
2.913845144212245941e-02
3.119600750505924225e-02
5.611284077167510986e-02
3.755306452512741089e-02
5.714301019906997681e-02
6.150661036372184753e-02
3.449859842658042908e-02
6.009523570537567139e-02
2.989695034921169281e-02
5.948158353567123413e-02
3.340233862400054932e-02
3.004043363034725189e-02
4.633438214659690857e-02
2.357072941958904266e-02
2.983005531132221222e-02
2.574915066361427307e-02
4.465931281447410583e-02
4.399730265140533447e-02
4.724462702870368958e-02
4.061724618077278137e-02
5.820308998227119446e-02
2.691403590142726898e-02
5.506392568349838257e-02
3.620005398988723755e-02
3.969052433967590332e-02
2.847851254045963287e-02
4.549347609281539917e-02
5.004156753420829773e-02
2.233989164233207703e-02
5.393994972109794617e-02
4.560976102948188782e-02
3.656253591179847717e-02
5.049037560820579529e-02
3.693821653723716736e-02
4.373509809374809265e-02
4.826407879590988159e-02
4.907966777682304382e-02
3.817147761583328247e-02
2.788093872368335724e-02
3.971601650118827820e-02
2.171188034117221832e-02
5.680448189377784729e-02
3.151102364063262939e-02
2.452951297163963318e-02
3.554352372884750366e-02
3.496161475777626038e-02
4.505303129553794861e-02
2.075631730258464813e-02
2.824228629469871521e-02
3.853243589401245117e-02
4.093123599886894226e-02
3.707362711429595947e-02
3.816447779536247253e-02
1.973377913236618042e-02
9.590426459908485413e-03
1.768859103322029114e-02
1.693007908761501312e-02
2.972083725035190582e-02
3.281182423233985901e-02
2.430361136794090271e-02
4.964388534426689148e-02
2.593534626066684723e-02
3.955556824803352356e-02
2.248224243521690369e-02
3.905392810702323914e-02
3.440007939934730530e-02
2.158587798476219177e-02
4.036707803606987000e-02
3.848687559366226196e-02
2.114005945622920990e-02
4.471004009246826172e-02
5.509701743721961975e-02
