4.306212067604064941e-01
2.205661237239837646e-01
1.581991165876388550e-01
1.546809226274490356e-01
1.308788955211639404e-01
1.212348341941833496e-01
1.339817494153976440e-01
1.250484436750411987e-01
1.216103434562683105e-01
1.361863315105438232e-01
1.095198988914489746e-01
1.125909015536308289e-01
1.104144081473350525e-01
1.172439157962799072e-01
1.039815023541450500e-01
1.045569330453872681e-01
1.036763340234756470e-01
1.066601648926734924e-01
1.034441366791725159e-01
9.487500786781311035e-02
1.054529398679733276e-01
9.217819571495056152e-02
9.595490247011184692e-02
1.034206226468086243e-01
9.352947026491165161e-02
1.066682487726211548e-01
1.038126423954963684e-01
1.012297719717025757e-01
1.053144559264183044e-01
1.026010736823081970e-01
9.474174678325653076e-02
9.367942065000534058e-02
1.035100072622299194e-01
1.102817952632904053e-01
9.935774654150009155e-02
1.117011606693267822e-01
9.899102896451950073e-02
1.034895107150077820e-01
9.586722403764724731e-02
9.463402628898620605e-02
9.322692453861236572e-02
1.055556833744049072e-01
1.050652042031288147e-01
1.123851463198661804e-01
9.324167668819427490e-02
1.017902716994285583e-01
9.607876092195510864e-02
9.201983362436294556e-02
8.432751148939132690e-02
1.068686544895172119e-01
8.463755249977111816e-02
8.422260731458663940e-02
9.498333930969238281e-02
1.013796702027320862e-01
1.151119768619537354e-01
8.899770677089691162e-02
8.728977292776107788e-02
9.755928069353103638e-02
1.029413267970085144e-01
8.771122246980667114e-02
8.918236196041107178e-02
1.109763607382774353e-01
1.007863879203796387e-01
1.016458347439765930e-01
1.040565446019172668e-01
9.458389133214950562e-02
9.484153240919113159e-02
8.402163535356521606e-02
8.588729053735733032e-02
9.979182481765747070e-02
8.879385888576507568e-02
7.954823225736618042e-02
1.090461090207099915e-01
9.347759187221527100e-02
9.487988054752349854e-02
7.750909030437469482e-02
9.853786975145339966e-02
9.343677014112472534e-02
1.068870052695274353e-01
9.250204265117645264e-02
9.321843087673187256e-02
9.277159720659255981e-02
9.627239406108856201e-02
1.048592254519462585e-01
9.545471519231796265e-02
9.540846198797225952e-02
7.944197207689285278e-02
9.407930076122283936e-02
9.439910203218460083e-02
8.660057187080383301e-02
1.005426049232482910e-01
9.643696993589401245e-02
8.897937834262847900e-02
1.040039211511611938e-01
1.000821739435195923e-01
9.192120283842086792e-02
9.824185073375701904e-02
1.094328984618186951e-01
9.843184798955917358e-02
9.848847240209579468e-02
1.143738850951194763e-01
