4.032280761748552322e-03
-7.117748260498046875e-01
-1.245430231094360352e+00
-1.493643283843994141e+00
-1.591619849205017090e+00
-1.662791371345520020e+00
-1.724650979042053223e+00
-1.763133645057678223e+00
-1.777962803840637207e+00
-1.850877046585083008e+00
-1.815611243247985840e+00
-1.898895621299743652e+00
-1.896119832992553711e+00
-1.939467191696166992e+00
-1.938017845153808594e+00
-1.946254730224609375e+00
-2.002749919891357422e+00
-1.929447770118713379e+00
-1.968544006347656250e+00
-1.979621052742004395e+00
-1.983298063278198242e+00
-2.007200002670288086e+00
-1.961002111434936523e+00
-1.989218831062316895e+00
-2.011202812194824219e+00
-2.017706155776977539e+00
-2.021714210510253906e+00
-2.023397684097290039e+00
-2.005416154861450195e+00
-2.013071775436401367e+00
-2.006541252136230469e+00
-1.987866520881652832e+00
-2.027307510375976562e+00
-2.048290014266967773e+00
-2.017367839813232422e+00
-2.041668653488159180e+00
-2.001492261886596680e+00
-2.099152088165283203e+00
-2.115381717681884766e+00
-2.056810617446899414e+00
-2.094430923461914062e+00
-2.064667224884033203e+00
-2.064794063568115234e+00
-2.090370178222656250e+00
-2.064853429794311523e+00
-2.022153377532958984e+00
-2.101992607116699219e+00
-2.074794530868530273e+00
-2.090930938720703125e+00
-2.078599691390991211e+00
-2.098098278045654297e+00
-2.110034465789794922e+00
-2.073212385177612305e+00
-2.055934667587280273e+00
-2.113064765930175781e+00
-2.080909490585327148e+00
-2.078119754791259766e+00
-2.093839645385742188e+00
-2.093832254409790039e+00
-2.085100173950195312e+00
-2.105994462966918945e+00
-2.088724136352539062e+00
-2.098711967468261719e+00
-2.111995935440063477e+00
-2.056241989135742188e+00
-2.088545083999633789e+00
-2.094738245010375977e+00
-2.115997791290283203e+00
-2.117918968200683594e+00
-2.135002613067626953e+00
-2.140965461730957031e+00
-2.149832963943481445e+00
-2.122577190399169922e+00
-2.115489721298217773e+00
-2.099946975708007812e+00
-2.077265262603759766e+00
-2.088641166687011719e+00
-2.113828659057617188e+00
-2.108227491378784180e+00
-2.132432222366333008e+00
-2.148277997970581055e+00
-2.139869928359985352e+00
-2.089613199234008789e+00
-2.141936063766479492e+00
-2.133437395095825195e+00
-2.108875989913940430e+00
-2.125847578048706055e+00
-2.107892751693725586e+00
-2.113857746124267578e+00
-2.120959520339965820e+00
-2.145839452743530273e+00
-2.125884532928466797e+00
-2.147654056549072266e+00
-2.135244607925415039e+00
-2.121565103530883789e+00
-2.147724866867065430e+00
-2.125773906707763672e+00
-2.136163711547851562e+00
-2.099868297576904297e+00
-2.138031482696533203e+00
