4.875095188617706299e-01
-2.608919143676757812e-01
-7.976533770561218262e-01
-1.152756333351135254e+00
-1.335026144981384277e+00
-1.402879714965820312e+00
-1.470805644989013672e+00
-1.502103567123413086e+00
-1.531897187232971191e+00
-1.547095894813537598e+00
-1.566228032112121582e+00
-1.585311055183410645e+00
-1.604542851448059082e+00
-1.627376317977905273e+00
-1.629921317100524902e+00
-1.639480829238891602e+00
-1.637749314308166504e+00
-1.658960461616516113e+00
-1.664485812187194824e+00
-1.674182653427124023e+00
-1.677985191345214844e+00
-1.681950449943542480e+00
-1.680828094482421875e+00
-1.687306046485900879e+00
-1.700817346572875977e+00
-1.700481176376342773e+00
-1.697095036506652832e+00
-1.716220855712890625e+00
-1.714332580566406250e+00
-1.721868276596069336e+00
-1.721871614456176758e+00
-1.733343005180358887e+00
-1.727670788764953613e+00
-1.734879732131958008e+00
-1.734432458877563477e+00
-1.731797456741333008e+00
-1.739187002182006836e+00
-1.743860125541687012e+00
-1.755283594131469727e+00
-1.749241948127746582e+00
-1.750388741493225098e+00
-1.747881412506103516e+00
-1.757143139839172363e+00
-1.759563684463500977e+00
-1.757359623908996582e+00
-1.756039857864379883e+00
-1.763580322265625000e+00
-1.764150142669677734e+00
-1.760703444480895996e+00
-1.765241503715515137e+00
-1.764900803565979004e+00
-1.774989843368530273e+00
-1.762489676475524902e+00
-1.772292256355285645e+00
-1.767117977142333984e+00
-1.767814636230468750e+00
-1.770773410797119141e+00
-1.785360693931579590e+00
-1.780000805854797363e+00
-1.777694344520568848e+00
-1.770344853401184082e+00
-1.777925372123718262e+00
-1.783437490463256836e+00
-1.785108923912048340e+00
-1.784323453903198242e+00
-1.783698201179504395e+00
-1.781458854675292969e+00
-1.782311677932739258e+00
-1.780987620353698730e+00
-1.792548894882202148e+00
-1.793999910354614258e+00
-1.787513732910156250e+00
-1.795924544334411621e+00
-1.791298747062683105e+00
-1.798259139060974121e+00
-1.787869095802307129e+00
-1.791566610336303711e+00
-1.796735644340515137e+00
-1.797850728034973145e+00
-1.805465459823608398e+00
-1.806620001792907715e+00
-1.804469108581542969e+00
-1.805217981338500977e+00
-1.794826269149780273e+00
-1.802126049995422363e+00
-1.803147196769714355e+00
-1.803732037544250488e+00
-1.804541349411010742e+00
-1.798790216445922852e+00
-1.802591800689697266e+00
-1.802485585212707520e+00
-1.806014657020568848e+00
-1.809272766113281250e+00
-1.817486047744750977e+00
-1.809508323669433594e+00
-1.812307238578796387e+00
-1.820078611373901367e+00
-1.806607961654663086e+00
-1.818262219429016113e+00
-1.813798189163208008e+00
