3.897899687290191650e-01
-5.422958731651306152e-02
-2.659876346588134766e-01
-2.508390247821807861e-01
-3.021187782287597656e-01
-3.488031327724456787e-01
-3.787863552570343018e-01
-3.799338340759277344e-01
-3.765320181846618652e-01
-3.931923210620880127e-01
-3.927689492702484131e-01
-3.762561380863189697e-01
-3.923788666725158691e-01
-3.576797842979431152e-01
-3.703414201736450195e-01
-3.858927488327026367e-01
-3.751584589481353760e-01
-3.923030793666839600e-01
-3.931046426296234131e-01
-3.745914399623870850e-01
-3.980181515216827393e-01
-3.879028260707855225e-01
-3.582047820091247559e-01
-3.785109817981719971e-01
-3.777184188365936279e-01
-3.514010608196258545e-01
-3.690772652626037598e-01
-3.795852959156036377e-01
-3.394845426082611084e-01
-3.908727467060089111e-01
-4.114947915077209473e-01
-4.039689302444458008e-01
-3.347405791282653809e-01
-3.834613561630249023e-01
-3.956334888935089111e-01
-3.856723308563232422e-01
-4.104350209236145020e-01
-4.227616190910339355e-01
-4.036053717136383057e-01
-4.005445241928100586e-01
-3.991592228412628174e-01
-3.972999453544616699e-01
-3.995350897312164307e-01
-4.102391600608825684e-01
-4.244194626808166504e-01
-3.940926790237426758e-01
-4.080875515937805176e-01
-4.110858738422393799e-01
-3.938431441783905029e-01
-4.181206524372100830e-01
-3.745006918907165527e-01
-4.231579899787902832e-01
-3.940936028957366943e-01
-3.982909321784973145e-01
-4.141839444637298584e-01
-3.903334140777587891e-01
-3.695937395095825195e-01
-3.870003223419189453e-01
-4.018857181072235107e-01
-3.971887826919555664e-01
-4.095378816127777100e-01
-4.139560461044311523e-01
-3.920529186725616455e-01
-3.790584802627563477e-01
-4.044033586978912354e-01
-4.142549335956573486e-01
-3.960106670856475830e-01
-3.901258409023284912e-01
-3.855425715446472168e-01
-3.632784783840179443e-01
-3.682443499565124512e-01
-4.071767330169677734e-01
-3.762483596801757812e-01
-4.067633152008056641e-01
-3.763840794563293457e-01
-4.064742028713226318e-01
-3.806448578834533691e-01
-4.161724150180816650e-01
-4.082928597927093506e-01
-3.827092051506042480e-01
-3.993591666221618652e-01
-4.029580056667327881e-01
-3.948470652103424072e-01
-3.912524282932281494e-01
-3.926217854022979736e-01
-4.252202510833740234e-01
-4.156554937362670898e-01
-3.571022748947143555e-01
-4.039207696914672852e-01
-3.663115203380584717e-01
-4.002716243267059326e-01
-4.139352142810821533e-01
-3.938319087028503418e-01
-3.626198172569274902e-01
-3.514382243156433105e-01
-3.388059437274932861e-01
-4.196450710296630859e-01
-4.422174692153930664e-01
-4.085952937602996826e-01
-4.115490317344665527e-01
-3.923760354518890381e-01
