4.804634451866149902e-01
-2.607170045375823975e-01
-8.213462829589843750e-01
-1.187362194061279297e+00
-1.330442786216735840e+00
-1.410520672798156738e+00
-1.460370540618896484e+00
-1.491365909576416016e+00
-1.520794510841369629e+00
-1.536506056785583496e+00
-1.568756103515625000e+00
-1.574981212615966797e+00
-1.609004974365234375e+00
-1.613956451416015625e+00
-1.614841222763061523e+00
-1.630379080772399902e+00
-1.635820269584655762e+00
-1.627261519432067871e+00
-1.638109564781188965e+00
-1.662372350692749023e+00
-1.668308615684509277e+00
-1.658679366111755371e+00
-1.679940342903137207e+00
-1.685984134674072266e+00
-1.672265887260437012e+00
-1.688409566879272461e+00
-1.686529517173767090e+00
-1.689891457557678223e+00
-1.695214509963989258e+00
-1.694733500480651855e+00
-1.701884984970092773e+00
-1.700090169906616211e+00
-1.714599967002868652e+00
-1.702438354492187500e+00
-1.716273665428161621e+00
-1.708196163177490234e+00
-1.718176245689392090e+00
-1.713592767715454102e+00
-1.719383239746093750e+00
-1.717269062995910645e+00
-1.728116750717163086e+00
-1.729967474937438965e+00
-1.719853639602661133e+00
-1.729915857315063477e+00
-1.740929007530212402e+00
-1.730618596076965332e+00
-1.733257293701171875e+00
-1.746853113174438477e+00
-1.743602991104125977e+00
-1.746325254440307617e+00
-1.754202961921691895e+00
-1.748476982116699219e+00
-1.746361613273620605e+00
-1.740945696830749512e+00
-1.744076967239379883e+00
-1.757279276847839355e+00
-1.749708056449890137e+00
-1.752396464347839355e+00
-1.755580902099609375e+00
-1.751284003257751465e+00
-1.761645913124084473e+00
-1.764860033988952637e+00
-1.766020178794860840e+00
-1.759156703948974609e+00
-1.760101914405822754e+00
-1.764043331146240234e+00
-1.768723607063293457e+00
-1.767195105552673340e+00
-1.761764168739318848e+00
-1.772964239120483398e+00
-1.770061135292053223e+00
-1.776870965957641602e+00
-1.767085790634155273e+00
-1.773121118545532227e+00
-1.772420048713684082e+00
-1.781091809272766113e+00
-1.775651216506958008e+00
-1.779214739799499512e+00
-1.777089357376098633e+00
-1.779641628265380859e+00
-1.780115842819213867e+00
-1.783551335334777832e+00
-1.786333203315734863e+00
-1.776302933692932129e+00
-1.786473393440246582e+00
-1.779427409172058105e+00
-1.782926082611083984e+00
-1.800658345222473145e+00
-1.785776615142822266e+00
-1.785985112190246582e+00
-1.785340189933776855e+00
-1.780843257904052734e+00
-1.789693713188171387e+00
-1.790745615959167480e+00
-1.782363057136535645e+00
-1.790926933288574219e+00
-1.794713735580444336e+00
-1.790408849716186523e+00
-1.790966272354125977e+00
-1.795877933502197266e+00
-1.791169404983520508e+00
-1.793161153793334961e+00
-1.793233752250671387e+00
-1.799788236618041992e+00
-1.795593023300170898e+00
-1.803833007812500000e+00
-1.794418692588806152e+00
-1.797681331634521484e+00
-1.794623970985412598e+00
-1.796301960945129395e+00
-1.794512510299682617e+00
-1.808532714843750000e+00
-1.799206376075744629e+00
-1.796162247657775879e+00
-1.797218084335327148e+00
-1.798319339752197266e+00
-1.807384252548217773e+00
-1.800874590873718262e+00
-1.807763338088989258e+00
-1.808228969573974609e+00
-1.800020098686218262e+00
-1.799180269241333008e+00
-1.799312353134155273e+00
-1.796648740768432617e+00
-1.816528320312500000e+00
-1.803035497665405273e+00
-1.808248639106750488e+00
-1.809616327285766602e+00
-1.804339170455932617e+00
-1.806955099105834961e+00
-1.813499093055725098e+00
-1.809056997299194336e+00
-1.810296893119812012e+00
-1.808916807174682617e+00
-1.804423928260803223e+00
-1.808553218841552734e+00
-1.809993743896484375e+00
-1.814746260643005371e+00
-1.810672163963317871e+00
-1.810295939445495605e+00
-1.811705112457275391e+00
-1.812556385993957520e+00
-1.820985555648803711e+00
-1.811473608016967773e+00
-1.807994842529296875e+00
-1.808743953704833984e+00
-1.812227964401245117e+00
-1.824153304100036621e+00
-1.810039758682250977e+00
-1.813403844833374023e+00
-1.820647001266479492e+00
-1.816937327384948730e+00
-1.821237325668334961e+00
-1.818071484565734863e+00
-1.805931448936462402e+00
-1.812841773033142090e+00
-1.813750624656677246e+00
-1.818668127059936523e+00
-1.809774279594421387e+00
-1.812818646430969238e+00
-1.822229743003845215e+00
-1.815868139266967773e+00
-1.819649577140808105e+00
-1.824222803115844727e+00
-1.816510677337646484e+00
-1.814053773880004883e+00
-1.823674321174621582e+00
-1.824440598487854004e+00
-1.808439731597900391e+00
-1.814609289169311523e+00
-1.817693591117858887e+00
-1.821044921875000000e+00
-1.819349169731140137e+00
-1.813644409179687500e+00
-1.822801947593688965e+00
-1.822423458099365234e+00
-1.824399828910827637e+00
-1.813013553619384766e+00
-1.821150898933410645e+00
-1.818180441856384277e+00
-1.823355197906494141e+00
-1.820844531059265137e+00
-1.825588464736938477e+00
-1.821705102920532227e+00
-1.819110035896301270e+00
-1.826011061668395996e+00
-1.828045964241027832e+00
-1.826198935508728027e+00
-1.825693249702453613e+00
-1.829045414924621582e+00
-1.829160451889038086e+00
-1.822022318840026855e+00
-1.819016337394714355e+00
-1.829291701316833496e+00
-1.822091341018676758e+00
-1.822085976600646973e+00
-1.831905364990234375e+00
-1.821573376655578613e+00
-1.823411226272583008e+00
-1.827352643013000488e+00
-1.832712650299072266e+00
-1.832163333892822266e+00
-1.834956526756286621e+00
-1.826676249504089355e+00
-1.831384539604187012e+00
-1.825889587402343750e+00
-1.830800175666809082e+00
-1.831976056098937988e+00
-1.828117728233337402e+00
-1.826436281204223633e+00
-1.832720756530761719e+00
-1.832213759422302246e+00
-1.832803606986999512e+00
-1.826555728912353516e+00
-1.829124093055725098e+00
-1.829561710357666016e+00
-1.830803275108337402e+00
-1.835586547851562500e+00
-1.831771016120910645e+00
-1.825618982315063477e+00
-1.830125093460083008e+00
-1.826356649398803711e+00
-1.830308198928833008e+00
-1.830294609069824219e+00
-1.828960180282592773e+00
-1.833463549613952637e+00
-1.832611441612243652e+00
-1.831343054771423340e+00
-1.828300476074218750e+00
-1.827215909957885742e+00
-1.829547047615051270e+00
-1.838183760643005371e+00
-1.839429378509521484e+00
-1.831077575683593750e+00
-1.824154973030090332e+00
-1.830597162246704102e+00
-1.829815983772277832e+00
-1.833391666412353516e+00
-1.829191565513610840e+00
-1.826926827430725098e+00
-1.834638714790344238e+00
-1.834935307502746582e+00
-1.833414196968078613e+00
-1.833735466003417969e+00
-1.849782228469848633e+00
-1.836132645606994629e+00
-1.839613318443298340e+00
-1.840595006942749023e+00
-1.841763734817504883e+00
-1.828026890754699707e+00
-1.838297009468078613e+00
-1.828951358795166016e+00
-1.833839654922485352e+00
-1.844532608985900879e+00
-1.828742742538452148e+00
-1.840462565422058105e+00
-1.823672652244567871e+00
-1.838599324226379395e+00
-1.839412450790405273e+00
-1.833565950393676758e+00
-1.835050940513610840e+00
-1.839259147644042969e+00
-1.841414809226989746e+00
-1.844504356384277344e+00
-1.833647131919860840e+00
-1.836917042732238770e+00
-1.841316223144531250e+00
-1.838852524757385254e+00
-1.830076098442077637e+00
-1.837053418159484863e+00
-1.836493015289306641e+00
-1.837216496467590332e+00
-1.839130043983459473e+00
-1.825813651084899902e+00
-1.832059741020202637e+00
-1.828880310058593750e+00
-1.831658601760864258e+00
-1.837307214736938477e+00
-1.831676244735717773e+00
-1.843376159667968750e+00
-1.840506315231323242e+00
-1.843154668807983398e+00
-1.840108036994934082e+00
-1.838032007217407227e+00
-1.840502142906188965e+00
-1.832769155502319336e+00
-1.832855820655822754e+00
-1.841755509376525879e+00
-1.834991812705993652e+00
-1.835739135742187500e+00
-1.836716294288635254e+00
-1.840913057327270508e+00
-1.834524869918823242e+00
-1.838083028793334961e+00
-1.841761350631713867e+00
-1.840079903602600098e+00
-1.842108130455017090e+00
-1.839755415916442871e+00
-1.831059932708740234e+00
-1.839940547943115234e+00
-1.844231486320495605e+00
-1.840057373046875000e+00
-1.838942646980285645e+00
-1.842429757118225098e+00
-1.833538293838500977e+00
-1.838242411613464355e+00
-1.841850280761718750e+00
-1.829965353012084961e+00
-1.840769886970520020e+00
-1.844464421272277832e+00
-1.841335058212280273e+00
-1.849627017974853516e+00
-1.844467759132385254e+00
-1.848029136657714844e+00
-1.848969936370849609e+00
-1.835696935653686523e+00
-1.843819856643676758e+00
-1.841383934020996094e+00
-1.836964249610900879e+00
-1.831614017486572266e+00
-1.841770529747009277e+00
-1.847620129585266113e+00
-1.849712133407592773e+00
-1.834504365921020508e+00
-1.845951318740844727e+00
-1.845835804939270020e+00
-1.840717077255249023e+00
-1.845257043838500977e+00
-1.830431461334228516e+00
-1.848515629768371582e+00
-1.847454309463500977e+00
-1.843122959136962891e+00
-1.845438122749328613e+00
-1.837894201278686523e+00
-1.840357780456542969e+00
-1.844514608383178711e+00
-1.842657208442687988e+00
-1.845815539360046387e+00
-1.839581608772277832e+00
-1.846650600433349609e+00
-1.844735383987426758e+00
-1.846352219581604004e+00
-1.843873500823974609e+00
-1.852687478065490723e+00
-1.843617677688598633e+00
-1.844899296760559082e+00
-1.846925616264343262e+00
-1.847302913665771484e+00
-1.847211599349975586e+00
-1.852848291397094727e+00
-1.842882871627807617e+00
-1.837692022323608398e+00
-1.847208499908447266e+00
-1.844537854194641113e+00
-1.844520211219787598e+00
-1.849008679389953613e+00
-1.847785115242004395e+00
-1.842246413230895996e+00
-1.842795133590698242e+00
-1.849795103073120117e+00
-1.848619222640991211e+00
-1.848126530647277832e+00
-1.838018774986267090e+00
-1.856168627738952637e+00
-1.836695194244384766e+00
-1.845123291015625000e+00
-1.849729418754577637e+00
-1.848897814750671387e+00
-1.849094390869140625e+00
-1.845923542976379395e+00
-1.849749565124511719e+00
-1.849462389945983887e+00
-1.845774650573730469e+00
-1.841666936874389648e+00
-1.845553517341613770e+00
-1.847250103950500488e+00
-1.845248222351074219e+00
-1.848839044570922852e+00
-1.850313901901245117e+00
-1.855619311332702637e+00
-1.839116573333740234e+00
-1.853195786476135254e+00
-1.853041052818298340e+00
-1.847584605216979980e+00
-1.852230310440063477e+00
-1.856408953666687012e+00
-1.846343994140625000e+00
-1.843695402145385742e+00
-1.851445913314819336e+00
-1.846731066703796387e+00
-1.851202726364135742e+00
-1.843657016754150391e+00
-1.841818809509277344e+00
-1.835595011711120605e+00
-1.851858496665954590e+00
-1.843719720840454102e+00
-1.846308708190917969e+00
-1.846733093261718750e+00
-1.859702706336975098e+00
-1.849597692489624023e+00
-1.850342154502868652e+00
