-4.449301864951848984e-03
-7.129158377647399902e-01
-1.300170063972473145e+00
-1.516105294227600098e+00
-1.645571708679199219e+00
-1.734413981437683105e+00
-1.754250407218933105e+00
-1.766009330749511719e+00
-1.792435526847839355e+00
-1.853334188461303711e+00
-1.855674505233764648e+00
-1.894228935241699219e+00
-1.900180578231811523e+00
-1.906434535980224609e+00
-1.922812581062316895e+00
-1.940972208976745605e+00
-1.961821317672729492e+00
-1.955824971199035645e+00
-1.986860752105712891e+00
-1.953833699226379395e+00
-1.999950170516967773e+00
-1.976781010627746582e+00
-1.990488171577453613e+00
-1.998365283012390137e+00
-1.974551200866699219e+00
-2.015857219696044922e+00
-2.008213520050048828e+00
-2.013613700866699219e+00
-2.042175292968750000e+00
-2.012826442718505859e+00
-2.010891675949096680e+00
-1.999804019927978516e+00
-2.036531686782836914e+00
-2.026553153991699219e+00
-2.071503639221191406e+00
-2.075080871582031250e+00
-2.015755653381347656e+00
-2.029595613479614258e+00
-2.052497386932373047e+00
-2.045855045318603516e+00
-2.020802021026611328e+00
-2.063676834106445312e+00
-2.024951934814453125e+00
-2.048379898071289062e+00
-2.054726839065551758e+00
-2.012322902679443359e+00
-2.053495407104492188e+00
-2.042118072509765625e+00
-2.061333894729614258e+00
-2.019255876541137695e+00
-2.046094894409179688e+00
-2.056780815124511719e+00
-2.065517663955688477e+00
-2.070393562316894531e+00
-2.063162088394165039e+00
-2.091556787490844727e+00
-2.064320325851440430e+00
-2.123295545578002930e+00
-2.069712162017822266e+00
-2.086105346679687500e+00
-2.103305578231811523e+00
-2.116814374923706055e+00
-2.068985223770141602e+00
-2.088441133499145508e+00
-2.079300403594970703e+00
-2.088787317276000977e+00
-2.105151891708374023e+00
-2.116466283798217773e+00
-2.087882518768310547e+00
-2.071643590927124023e+00
-2.093339681625366211e+00
-2.104461431503295898e+00
-2.123996973037719727e+00
-2.120380163192749023e+00
-2.082868814468383789e+00
-2.060378313064575195e+00
-2.085573196411132812e+00
-2.112672090530395508e+00
-2.126287698745727539e+00
-2.100216150283813477e+00
-2.132349252700805664e+00
-2.117735385894775391e+00
-2.095595598220825195e+00
-2.076220512390136719e+00
-2.075540304183959961e+00
-2.130123615264892578e+00
-2.083100080490112305e+00
-2.086270809173583984e+00
-2.118368148803710938e+00
-2.124253034591674805e+00
-2.119922161102294922e+00
-2.127005338668823242e+00
-2.072691679000854492e+00
-2.112030982971191406e+00
-2.117923974990844727e+00
-2.133417129516601562e+00
-2.079579353332519531e+00
-2.138870954513549805e+00
-2.136227607727050781e+00
-2.109478712081909180e+00
-2.156860828399658203e+00
-2.124021291732788086e+00
-2.123929738998413086e+00
-2.140144348144531250e+00
-2.121118068695068359e+00
-2.097187757492065430e+00
-2.082517147064208984e+00
-2.104754686355590820e+00
-2.135549545288085938e+00
-2.119337797164916992e+00
-2.131208419799804688e+00
-2.153302669525146484e+00
-2.124430656433105469e+00
-2.146923303604125977e+00
-2.125216960906982422e+00
-2.149426221847534180e+00
-2.128436088562011719e+00
-2.149442672729492188e+00
-2.110847473144531250e+00
-2.131577968597412109e+00
-2.134731531143188477e+00
-2.134098052978515625e+00
-2.134381294250488281e+00
-2.096255302429199219e+00
-2.113471508026123047e+00
-2.139808177947998047e+00
-2.128898382186889648e+00
-2.125313997268676758e+00
-2.106146097183227539e+00
-2.115666866302490234e+00
-2.155732393264770508e+00
-2.140409231185913086e+00
-2.123722791671752930e+00
-2.136363744735717773e+00
-2.133786439895629883e+00
-2.093673706054687500e+00
-2.145280838012695312e+00
-2.149549961090087891e+00
-2.117813110351562500e+00
-2.149729013442993164e+00
-2.153013467788696289e+00
-2.127907991409301758e+00
-2.121436119079589844e+00
-2.135779857635498047e+00
-2.136033773422241211e+00
-2.155918836593627930e+00
-2.144878625869750977e+00
-2.126978158950805664e+00
-2.144334077835083008e+00
-2.132254123687744141e+00
-2.147408246994018555e+00
-2.183776378631591797e+00
-2.155159235000610352e+00
-2.148360490798950195e+00
-2.138785600662231445e+00
-2.138928413391113281e+00
-2.137297868728637695e+00
-2.127960920333862305e+00
-2.144387483596801758e+00
-2.117574930191040039e+00
-2.106548070907592773e+00
-2.140318155288696289e+00
-2.146287679672241211e+00
-2.170972824096679688e+00
-2.143655776977539062e+00
-2.142316818237304688e+00
-2.147098064422607422e+00
-2.186923265457153320e+00
-2.155743360519409180e+00
-2.151261568069458008e+00
-2.157397985458374023e+00
-2.148908376693725586e+00
-2.169959068298339844e+00
-2.104375123977661133e+00
-2.146956205368041992e+00
-2.179703950881958008e+00
-2.125793457031250000e+00
-2.136905908584594727e+00
-2.137097835540771484e+00
-2.111827135086059570e+00
-2.151008844375610352e+00
-2.138308525085449219e+00
-2.164079427719116211e+00
-2.127666711807250977e+00
-2.127283811569213867e+00
-2.156089305877685547e+00
-2.152302026748657227e+00
-2.145378828048706055e+00
-2.118542432785034180e+00
-2.164043903350830078e+00
-2.146394491195678711e+00
-2.163423299789428711e+00
-2.108178853988647461e+00
-2.130571365356445312e+00
-2.148494005203247070e+00
-2.137657403945922852e+00
-2.139527559280395508e+00
-2.134371757507324219e+00
-2.183581352233886719e+00
-2.131735563278198242e+00
-2.174490213394165039e+00
-2.132080793380737305e+00
-2.110056877136230469e+00
-2.153964519500732422e+00
-2.126258134841918945e+00
-2.132362842559814453e+00
-2.089024305343627930e+00
-2.170597553253173828e+00
-2.168376684188842773e+00
-2.159237861633300781e+00
-2.203947067260742188e+00
-2.146509170532226562e+00
-2.145832777023315430e+00
-2.153062582015991211e+00
-2.142385721206665039e+00
-2.166607618331909180e+00
-2.104833602905273438e+00
-2.134437084197998047e+00
-2.153789043426513672e+00
-2.138054609298706055e+00
-2.112207412719726562e+00
-2.167473077774047852e+00
-2.117381095886230469e+00
-2.128653526306152344e+00
-2.164888858795166016e+00
-2.139907836914062500e+00
-2.166419029235839844e+00
-2.145123481750488281e+00
-2.142138957977294922e+00
-2.169090747833251953e+00
-2.173183679580688477e+00
-2.121453523635864258e+00
-2.160453081130981445e+00
-2.148974418640136719e+00
-2.137779712677001953e+00
-2.168822765350341797e+00
-2.186554193496704102e+00
-2.134523630142211914e+00
-2.164883136749267578e+00
-2.173119306564331055e+00
-2.130524158477783203e+00
-2.122834920883178711e+00
-2.165767431259155273e+00
-2.164223909378051758e+00
-2.178471803665161133e+00
-2.194039106369018555e+00
-2.135254621505737305e+00
-2.145494937896728516e+00
-2.144430398941040039e+00
-2.150248050689697266e+00
-2.132768869400024414e+00
-2.172607421875000000e+00
-2.161030530929565430e+00
-2.150395870208740234e+00
-2.155347824096679688e+00
-2.153591871261596680e+00
-2.171452522277832031e+00
-2.152205705642700195e+00
-2.159471273422241211e+00
-2.183286190032958984e+00
-2.138408899307250977e+00
-2.138365745544433594e+00
-2.168635368347167969e+00
-2.151891231536865234e+00
-2.167348623275756836e+00
-2.133500814437866211e+00
-2.151189565658569336e+00
-2.166185855865478516e+00
-2.131703138351440430e+00
-2.152726411819458008e+00
-2.167862415313720703e+00
-2.153989553451538086e+00
-2.175366878509521484e+00
-2.154029607772827148e+00
-2.137803316116333008e+00
-2.168350696563720703e+00
-2.147971630096435547e+00
-2.123147487640380859e+00
-2.135858058929443359e+00
-2.172052860260009766e+00
-2.157939434051513672e+00
-2.180849552154541016e+00
-2.165432214736938477e+00
-2.113493204116821289e+00
-2.162830591201782227e+00
-2.156770229339599609e+00
-2.091841936111450195e+00
-2.171566963195800781e+00
-2.153320789337158203e+00
-2.127677202224731445e+00
-2.153302669525146484e+00
-2.198640823364257812e+00
-2.161510229110717773e+00
-2.157149791717529297e+00
-2.151998519897460938e+00
-2.167489767074584961e+00
-2.151757001876831055e+00
-2.157550573348999023e+00
-2.143472433090209961e+00
-2.158393144607543945e+00
-2.165512561798095703e+00
-2.128332138061523438e+00
-2.156035900115966797e+00
-2.197175979614257812e+00
-2.152604818344116211e+00
-2.179335594177246094e+00
-2.174353361129760742e+00
-2.171358823776245117e+00
-2.164740562438964844e+00
-2.169804573059082031e+00
-2.171379327774047852e+00
-2.162712097167968750e+00
-2.142413377761840820e+00
-2.115635633468627930e+00
-2.192026376724243164e+00
-2.158034801483154297e+00
-2.146934270858764648e+00
-2.159123420715332031e+00
-2.157269477844238281e+00
-2.149592399597167969e+00
-2.172526359558105469e+00
-2.184377908706665039e+00
-2.161769390106201172e+00
-2.162798881530761719e+00
-2.152409553527832031e+00
-2.127274274826049805e+00
-2.167166233062744141e+00
-2.149820804595947266e+00
-2.163204431533813477e+00
-2.196380138397216797e+00
-2.168515443801879883e+00
-2.174484968185424805e+00
-2.182408332824707031e+00
-2.173078536987304688e+00
-2.127643346786499023e+00
-2.171133756637573242e+00
-2.176427364349365234e+00
-2.145954847335815430e+00
-2.193621158599853516e+00
-2.155514478683471680e+00
-2.144507646560668945e+00
-2.164332389831542969e+00
-2.150695323944091797e+00
-2.150373697280883789e+00
-2.118823528289794922e+00
-2.158971309661865234e+00
-2.164599657058715820e+00
-2.184424400329589844e+00
-2.155407905578613281e+00
-2.171740055084228516e+00
-2.144330501556396484e+00
-2.163437843322753906e+00
-2.177713394165039062e+00
-2.128887176513671875e+00
-2.082847118377685547e+00
-2.133443355560302734e+00
-2.160330533981323242e+00
-2.147511243820190430e+00
-2.144338846206665039e+00
-2.141461133956909180e+00
-2.116929769515991211e+00
-2.188888072967529297e+00
-2.150528669357299805e+00
-2.131449937820434570e+00
-2.145206212997436523e+00
-2.137906312942504883e+00
-2.129465341567993164e+00
-2.176158905029296875e+00
-2.179690837860107422e+00
-2.150168657302856445e+00
-2.161572456359863281e+00
-2.154509544372558594e+00
-2.159629344940185547e+00
-2.152173280715942383e+00
-2.161953449249267578e+00
-2.168510437011718750e+00
-2.108677864074707031e+00
-2.201623916625976562e+00
-2.164198637008666992e+00
-2.156323432922363281e+00
-2.183664798736572266e+00
-2.194707870483398438e+00
-2.172937870025634766e+00
-2.156299352645874023e+00
-2.177423000335693359e+00
-2.195457935333251953e+00
-2.161458969116210938e+00
-2.158979654312133789e+00
-2.132402420043945312e+00
-2.184428691864013672e+00
-2.160115003585815430e+00
-2.175776481628417969e+00
-2.142480850219726562e+00
-2.180757522583007812e+00
-2.155976533889770508e+00
-2.149430036544799805e+00
-2.123701095581054688e+00
-2.162450790405273438e+00
-2.172294139862060547e+00
-2.185314178466796875e+00
-2.176295995712280273e+00
