5.343885421752929688e-01
1.250876337289810181e-01
7.902948709670454264e-05
1.696717226877808571e-03
-4.623384401202201843e-02
-6.281782686710357666e-02
-6.794270873069763184e-02
-5.525123327970504761e-02
-4.229965060949325562e-02
-6.883631646633148193e-02
-8.847479522228240967e-02
-7.023595273494720459e-02
-6.051639467477798462e-02
-6.653902679681777954e-02
-1.065529510378837585e-01
-1.059711128473281860e-01
-7.235680520534515381e-02
-9.127335250377655029e-02
-4.742744937539100647e-02
-4.881262034177780151e-02
-9.038033336400985718e-02
-1.064789295196533203e-01
-1.255211532115936279e-01
-1.168885380029678345e-01
-1.030497923493385315e-01
-1.137090474367141724e-01
-9.470862895250320435e-02
-8.061987906694412231e-02
-1.134718582034111023e-01
-1.004212126135826111e-01
-1.036212891340255737e-01
-8.853552490472793579e-02
-8.417918533086776733e-02
-1.108600944280624390e-01
-8.448620885610580444e-02
-9.751605987548828125e-02
-8.446886390447616577e-02
-8.400229364633560181e-02
-1.069623306393623352e-01
-1.069457009434700012e-01
-1.333751082420349121e-01
-1.496125459671020508e-01
-1.220418065786361694e-01
-1.182449534535408020e-01
-7.843339443206787109e-02
-7.740706205368041992e-02
-8.772228658199310303e-02
-1.078522875905036926e-01
-8.352570980787277222e-02
-8.720596134662628174e-02
-1.222522929310798645e-01
-1.040615066885948181e-01
-1.189544945955276489e-01
-7.485252618789672852e-02
-6.382974237203598022e-02
-1.019474714994430542e-01
-8.652621507644653320e-02
-4.986321181058883667e-02
-1.117407679557800293e-01
-8.847604691982269287e-02
-1.010250672698020935e-01
-1.064779758453369141e-01
-1.131054833531379700e-01
-6.821894645690917969e-02
-1.231168583035469055e-01
-1.231460571289062500e-01
-1.030529811978340149e-01
-1.027203947305679321e-01
-7.526274025440216064e-02
-1.076084971427917480e-01
-9.603614360094070435e-02
-1.195147186517715454e-01
-1.216801330447196960e-01
-1.200421899557113647e-01
-1.012891009449958801e-01
-1.002081707119941711e-01
-7.544744759798049927e-02
-8.585355430841445923e-02
-7.979463040828704834e-02
-7.951019704341888428e-02
-9.927561879158020020e-02
-1.343955695629119873e-01
-1.191079989075660706e-01
-1.105931699275970459e-01
-1.028329953551292419e-01
-9.186592698097229004e-02
-1.018390133976936340e-01
-1.333564519882202148e-01
-1.014065146446228027e-01
-7.072575390338897705e-02
-9.816622734069824219e-02
-7.792554795742034912e-02
-1.023564189672470093e-01
-9.414549916982650757e-02
-1.100713610649108887e-01
-1.034100949764251709e-01
-1.204554662108421326e-01
-7.110077142715454102e-02
-1.025657057762145996e-01
-1.036777868866920471e-01
-1.154432296752929688e-01
