3.017373999999999796e+02
4.535190999999999804e+02
6.247348000000000638e+02
8.102361999999999398e+02
9.980223999999999478e+02
1.182709000000000060e+03
1.358208000000000084e+03
1.510442000000000007e+03
1.764778999999999996e+03
1.880206999999999880e+03
1.991778999999999996e+03
2.100703000000000429e+03
2.207596000000000004e+03
2.310071000000000367e+03
2.395079999999999927e+03
2.553735000000000127e+03
2.620360999999999876e+03
2.686163000000000011e+03
6.518505000000000109e+02
8.999678000000000111e+02
1.112001999999999953e+03
1.284850999999999885e+03
1.425419999999999845e+03
1.556308999999999969e+03
1.697634999999999991e+03
1.855386999999999944e+03
2.032334999999999809e+03
2.215136999999999716e+03
2.347913000000000011e+03
2.478594999999999800e+03
2.611394999999999982e+03
2.747768000000000029e+03
2.887573000000000320e+03
3.803616000000000099e+02
1.177092999999999847e+03
1.304211000000000013e+03
1.433133000000000038e+03
1.578743999999999915e+03
1.731050999999999931e+03
1.878231999999999971e+03
2.025836000000000013e+03
2.183002999999999702e+03
2.342215999999999894e+03
2.491220000000000255e+03
2.671836999999999989e+03
2.870432000000000244e+03
3.053523999999999887e+03
3.253883000000000266e+03
5.055435000000000400e+03
9.102325999999999340e+02
1.057072000000000116e+03
2.405708000000000084e+03
2.532544000000000324e+03
2.656152000000000044e+03
2.781515000000000327e+03
5.183863999999999578e+03
5.370533000000000357e+03
1.360360000000000127e+03
1.660901000000000067e+03
1.966028000000000020e+03
2.165360000000000127e+03
2.285121999999999844e+03
1.992793000000000120e+03
2.073826000000000022e+03
2.290604999999999563e+03
2.582326999999999771e+03
2.866692000000000007e+03
3.133744000000000142e+03
3.373342000000000098e+03
4.076951000000000022e+03
4.406466000000000349e+03
4.869787999999999556e+03
5.041845999999999549e+03
5.185596999999999753e+03
5.332310999999999694e+03
2.590532000000000153e+03
3.781646999999999935e+03
4.018182999999999538e+03
5.309605000000000473e+03
5.877853000000000065e+03
3.522974000000000160e+03
3.812692000000000007e+03
4.058784000000000106e+03
4.212289999999999964e+03
4.344478000000000065e+03
2.791110000000000127e+03
3.663190000000000055e+03
4.145711999999999534e+03
4.436737000000000080e+03
5.260208999999999833e+03
3.144842999999999847e+03
3.439282000000000153e+03
3.759106999999999971e+03
4.317811999999999898e+03
4.968352999999999156e+03
5.442632999999999811e+03
5.680865999999999985e+03
5.949042000000000371e+03
6.228051999999999680e+03
6.488130000000000109e+03
6.684787000000000262e+03
6.003123000000000502e+03
7.364797000000000480e+03
7.602327000000000226e+03
7.835547999999999774e+03
8.060212999999998829e+03
8.241703999999999724e+03
3.584185000000000400e+03
4.592063999999999396e+03
4.919152999999999338e+03
5.175578999999999724e+03
5.848681999999999789e+03
6.132851999999999862e+03
6.924457999999999629e+03
7.372190999999999804e+03
8.947260000000000218e+03
9.133324000000000524e+03
9.394201000000000931e+03
5.367155999999999949e+03
5.640873999999999796e+03
5.922615999999999985e+03
6.765639000000000124e+03
7.079333999999999833e+03
7.503654000000000451e+03
7.808377000000000407e+03
8.108216000000000349e+03
8.380877999999998792e+03
8.514005999999999403e+03
4.341777000000000044e+03
4.687851000000000568e+03
5.042347999999999956e+03
5.655987999999999374e+03
8.226043999999999869e+03
8.517796000000000276e+03
9.055628999999998996e+03
9.318904000000000451e+03
9.585911000000000058e+03
5.402703999999999724e+03
6.298940999999999804e+03
6.682559000000000196e+03
7.145247999999999593e+03
7.864710999999999331e+03
8.115456999999999425e+03
5.585707000000000335e+03
6.005195999999999913e+03
8.209704999999999927e+03
8.867688000000000102e+03
9.121641999999999825e+03
6.522141000000000531e+03
6.973538999999999760e+03
7.191244000000000597e+03
7.706661999999999352e+03
8.085912999999999556e+03
8.975756000000001222e+03
5.945566000000000713e+03
7.622588999999999942e+03
8.681661999999998443e+03
9.021235000000000582e+03
9.387565999999998894e+03
9.586168999999999869e+03
6.708497999999999593e+03
7.007278000000000247e+03
7.267890000000000327e+03
9.007210999999999331e+03
9.377162000000000262e+03
6.770623999999999796e+03
8.048783000000000357e+03
1.259025000000000091e+03
1.382903000000000020e+03
1.685818999999999960e+03
1.850299999999999955e+03
2.019749000000000024e+03
2.940047999999999774e+03
3.086028000000000247e+03
2.142602999999999611e+03
2.343844999999999800e+03
2.623772000000000389e+03
2.788650000000000091e+03
3.675128000000000156e+03
3.844199999999999818e+03
4.011371999999999844e+03
4.177050999999999476e+03
2.982913000000000011e+03
3.408646000000000186e+03
4.872942000000000007e+03
4.540280999999999949e+03
