1.934580000000005384e+01
3.717020000000002256e+01
5.418329999999991742e+01
7.166070000000001983e+01
8.968660000000011223e+01
1.048499999999999091e+02
1.185119999999999436e+02
1.383140000000000782e+02
1.832309999999999945e+02
2.044480000000003201e+02
2.236539999999999964e+02
2.405999999999994543e+02
2.589929999999999382e+02
2.802729999999996835e+02
3.181860000000001492e+02
4.020239999999998872e+02
4.527730000000001382e+02
5.017779999999997926e+02
5.329009999999993852e+01
7.456190000000003693e+01
1.066979999999998654e+02
1.523440000000000509e+02
1.879330000000002201e+02
2.021810000000000400e+02
2.074110000000000582e+02
2.213650000000000091e+02
2.384940000000003693e+02
2.672989999999999782e+02
3.524710000000000036e+02
4.482050000000003820e+02
5.390619999999998981e+02
6.108800000000001091e+02
6.936489999999994325e+02
4.501619999999996935e+01
1.180590000000001965e+02
1.374210000000000491e+02
1.475860000000000127e+02
1.778990000000001146e+02
2.242160000000001219e+02
2.786730000000002292e+02
3.286730000000000018e+02
3.634680000000003020e+02
3.904250000000001819e+02
4.264769999999998618e+02
4.306660000000001673e+02
4.133800000000001091e+02
4.086590000000001055e+02
4.268899999999994179e+02
5.850429999999996653e+02
6.084420000000000073e+01
9.148299999999994725e+01
2.607939999999998690e+02
2.876879999999996471e+02
3.074239999999999782e+02
3.217239999999997053e+02
6.374640000000008513e+02
6.906859999999996944e+02
1.039119999999998072e+02
1.177650000000001000e+02
1.546800000000000637e+02
2.114699999999997999e+02
2.373299999999999272e+02
1.703229999999998654e+02
1.814420000000000073e+02
1.828190000000004147e+02
2.326710000000002765e+02
2.702459999999996398e+02
2.729900000000002365e+02
2.695769999999997708e+02
5.742610000000004220e+02
4.863589999999994689e+02
4.652060000000001310e+02
4.958540000000002692e+02
5.522680000000000291e+02
5.822260000000005675e+02
3.407029999999999745e+02
3.562809999999999491e+02
4.559050000000002001e+02
5.326489999999994325e+02
6.428299999999999272e+02
2.668479999999999563e+02
2.931210000000000946e+02
3.222980000000002292e+02
3.848659999999999854e+02
4.484809999999997672e+02
1.712819999999996980e+02
6.456349999999997635e+02
4.191790000000009968e+02
3.652930000000005748e+02
4.092410000000008949e+02
2.432809999999999491e+02
2.341379999999999200e+02
4.324560000000001310e+02
4.627500000000000000e+02
3.441420000000007349e+02
3.498220000000001164e+02
4.127780000000002474e+02
4.742759999999998399e+02
5.058890000000001237e+02
5.107139999999999418e+02
5.670609999999996944e+02
3.907659999999996217e+02
6.094799999999995634e+02
6.569790000000002692e+02
6.745639999999993961e+02
6.924040000000013606e+02
7.318180000000011205e+02
2.252069999999994252e+02
3.319059999999999491e+02
3.088750000000009095e+02
3.566289999999999054e+02
7.926550000000006548e+02
7.736300000000001091e+02
4.330039999999999054e+02
5.478950000000004366e+02
8.363530000000009750e+02
1.039825999999999112e+03
1.139028999999998632e+03
4.824269999999996799e+02
5.240090000000000146e+02
7.284489999999996144e+02
6.294149999999999636e+02
6.373930000000000291e+02
5.475149999999994179e+02
5.181689999999998690e+02
5.101040000000011787e+02
5.246820000000006985e+02
6.425270000000000437e+02
3.144329999999999927e+02
3.300549999999993815e+02
3.059429999999993015e+02
6.707450000000008004e+02
5.353010000000012951e+02
5.170219999999990250e+02
6.205879999999997381e+02
6.772659999999996217e+02
7.080790000000015425e+02
4.252080000000005384e+02
6.683140000000003056e+02
5.540670000000000073e+02
4.302210000000004584e+02
1.091745000000000800e+03
1.102194000000000415e+03
6.145969999999997526e+02
4.859510000000000218e+02
8.254619999999995343e+02
1.171412000000000262e+03
1.083858000000000175e+03
5.100729999999994106e+02
3.719720000000006621e+02
5.657049999999990177e+02
9.568570000000008804e+02
8.513040000000009968e+02
9.209379999999982829e+02
3.416719999999995707e+02
8.517489999999997963e+02
7.460600000000013097e+02
6.962129999999979191e+02
8.910740000000005239e+02
1.019931000000000495e+03
3.842910000000001673e+02
4.472330000000001746e+02
8.979469999999992069e+02
7.699270000000014988e+02
8.421579999999994470e+02
3.991850000000004002e+02
5.980690000000004147e+02
1.221209999999998672e+02
1.150080000000000382e+02
1.357820000000001528e+02
1.588920000000000528e+02
1.784819999999997435e+02
3.016779999999998836e+02
3.182729999999996835e+02
2.854320000000002437e+02
2.675170000000002801e+02
2.494769999999994070e+02
2.497059999999996762e+02
3.309269999999996799e+02
3.529059999999999491e+02
3.718510000000001128e+02
3.876480000000001382e+02
4.068859999999999673e+02
3.601229999999995925e+02
3.760349999999998545e+02
4.594459999999999127e+02
