7.826000000000021828e-01
1.390199999999992997e+00
1.924699999999916145e+00
2.337800000000015643e+00
2.865999999999985448e+00
3.263000000000147338e+00
3.549000000000205546e+00
4.319999999999936335e+00
6.306000000000267391e+00
7.247000000000070941e+00
8.161000000000058208e+00
9.043000000000120053e+00
9.842999999999847205e+00
1.056599999999980355e+01
1.121499999999969077e+01
1.284699999999975262e+01
1.363200000000006185e+01
1.474400000000014188e+01
2.032600000000115870e+00
2.830600000000117689e+00
3.814000000000078217e+00
4.832999999999856300e+00
5.923000000000001819e+00
6.313000000000101863e+00
6.214999999999918145e+00
6.429000000000087311e+00
6.873000000000047294e+00
7.459999999999581632e+00
8.199000000000523869e+00
8.934000000000196451e+00
9.801999999999679858e+00
1.550500000000010914e+01
2.278100000000040382e+01
1.696599999999989450e+00
4.155000000000200089e+00
4.786000000000285581e+00
4.895999999999958163e+00
5.682000000000016371e+00
7.060999999999921783e+00
8.562000000000352884e+00
1.029700000000002547e+01
1.215900000000010550e+01
1.402499999999963620e+01
1.587500000000045475e+01
1.720400000000017826e+01
1.650000000000045475e+01
1.233300000000008367e+01
1.374699999999984357e+01
2.485800000000017462e+01
2.497499999999945430e+00
3.529000000000223736e+00
1.015600000000040382e+01
1.098399999999992360e+01
1.135799999999971988e+01
1.155200000000013461e+01
2.274199999999927968e+01
2.870800000000053842e+01
3.767000000000052751e+00
4.480000000000018190e+00
5.251999999999497959e+00
7.371000000000094587e+00
8.893000000000029104e+00
6.577000000000225555e+00
6.721999999999752617e+00
6.324999999999818101e+00
7.556000000000040018e+00
8.204000000000178261e+00
9.585000000000036380e+00
1.027199999999993452e+01
1.608799999999973807e+01
1.736700000000018917e+01
1.751999999999952706e+01
1.869899999999961437e+01
2.030699999999978900e+01
2.181400000000030559e+01
7.967999999999847205e+00
1.267700000000013461e+01
1.409400000000005093e+01
1.924999999999909051e+01
2.232800000000042928e+01
8.812999999999647116e+00
9.167999999999665306e+00
9.457999999999628926e+00
1.149099999999998545e+01
1.344800000000032014e+01
6.454000000000178261e+00
9.936999999999898137e+00
1.079100000000016735e+01
1.198999999999978172e+01
1.578199999999924330e+01
8.500999999999748979e+00
8.108999999999923602e+00
9.932999999999537977e+00
1.157799999999951979e+01
1.581599999999889405e+01
1.353999999999996362e+01
1.589899999999943248e+01
1.952500000000145519e+01
2.242999999999938154e+01
2.315199999999913416e+01
2.136299999999937427e+01
2.011099999999987631e+01
2.580799999999908323e+01
2.817100000000027649e+01
2.918299999999999272e+01
3.018999999999869033e+01
2.960200000000077125e+01
1.377400000000034197e+01
1.169300000000021100e+01
1.160199999999986176e+01
1.240399999999954161e+01
1.739700000000084401e+01
1.964599999999973079e+01
1.896199999999953434e+01
2.243500000000040018e+01
2.861399999999957799e+01
2.953399999999965075e+01
1.070600000000013097e+02
1.687600000000020373e+01
1.496200000000044383e+01
1.509799999999995634e+01
1.665599999999994907e+01
1.858799999999973807e+01
2.129599999999936699e+01
2.325799999999981083e+01
2.287099999999918509e+01
2.288799999999901047e+01
2.231999999999970896e+01
1.072199999999975262e+01
1.292399999999997817e+01
1.410699999999997090e+01
1.429300000000057480e+01
2.343899999999848660e+01
2.037500000000000000e+01
2.344499999999970896e+01
2.508800000000155705e+01
2.762900000000263390e+01
1.456800000000021100e+01
1.684600000000045839e+01
1.620100000000093132e+01
1.636899999999968713e+01
6.993099999999867578e+01
2.550100000000020373e+01
3.918900000000030559e+01
1.295399999999972351e+01
1.802900000000045111e+01
2.837400000000161526e+01
2.904500000000007276e+01
1.329700000000048021e+01
1.462200000000029831e+01
1.648400000000037835e+01
1.861599999999998545e+01
2.081100000000151340e+01
5.934300000000075670e+01
3.123799999999937427e+01
1.822099999999954889e+01
1.889099999999962165e+01
1.986199999999917054e+01
2.173199999999997090e+01
2.688600000000042201e+01
1.718599999999969441e+01
1.796199999999953434e+01
3.124800000000050204e+01
2.097199999999975262e+01
2.165799999999944703e+01
1.750500000000010914e+01
1.873400000000037835e+01
4.366999999999961801e+00
4.243999999999914507e+00
5.028000000000247383e+00
5.862000000000080036e+00
6.684000000000196451e+00
1.168400000000019645e+01
1.241099999999960346e+01
9.911000000000058208e+00
9.077999999999974534e+00
8.289999999999963620e+00
8.221000000000003638e+00
1.203000000000020009e+01
1.236500000000023647e+01
1.379500000000007276e+01
1.513299999999981083e+01
1.439700000000038926e+01
1.270899999999983265e+01
1.629299999999966531e+01
2.741399999999975989e+01
