3.090210000000000150e+02
4.678012999999999693e+02
6.458462000000000671e+02
8.388084999999999809e+02
1.036195999999999913e+03
1.229480999999999995e+03
1.410953999999999951e+03
1.575449000000000069e+03
1.858781999999999925e+03
1.986301999999999907e+03
2.108434999999999945e+03
2.226498000000000047e+03
2.341157000000000153e+03
2.452721000000000004e+03
2.561392000000000280e+03
2.770246000000000095e+03
2.871059999999999945e+03
2.969806000000000040e+03
6.791302999999999201e+02
9.385791999999999007e+02
1.170855999999999995e+03
1.367326000000000022e+03
1.518133000000000038e+03
1.650970000000000027e+03
1.794345000000000027e+03
1.958403999999999996e+03
2.142635999999999967e+03
2.341286000000000058e+03
2.548290999999999713e+03
2.759078999999999724e+03
2.968351000000000113e+03
3.160356999999999971e+03
3.325677999999999884e+03
4.031403999999999996e+02
1.240685999999999922e+03
1.377084999999999809e+03
1.512755000000000109e+03
1.678293999999999869e+03
1.861628000000000156e+03
2.045014999999999873e+03
2.223697000000000116e+03
2.396910999999999603e+03
2.565128000000000156e+03
2.729147999999999683e+03
2.890734999999999673e+03
3.054234999999999673e+03
3.232146000000000186e+03
3.433186000000000149e+03
5.382963999999999942e+03
9.428712000000000444e+02
1.104638999999999896e+03
2.543903999999999996e+03
2.680273999999999887e+03
2.813507000000000062e+03
2.945399999999999636e+03
5.414992000000000189e+03
5.604088999999999942e+03
1.409587999999999965e+03
1.719198999999999842e+03
2.045952000000000226e+03
2.274868999999999687e+03
2.406150999999999840e+03
2.087257000000000062e+03
2.165106000000000222e+03
2.376579000000000178e+03
2.700282000000000153e+03
3.007619000000000142e+03
3.286840999999999894e+03
3.520570999999999913e+03
4.449864999999999782e+03
4.688268000000000029e+03
5.126673999999999978e+03
5.318300000000000182e+03
5.493069000000000415e+03
5.657960000000000036e+03
2.817815000000000055e+03
3.959748999999999796e+03
4.204967999999999847e+03
5.591261000000000422e+03
6.224306999999999789e+03
3.653146000000000186e+03
3.951372000000000298e+03
4.229565999999999804e+03
4.442925000000000182e+03
4.607701999999999316e+03
2.869525999999999840e+03
4.160324000000000524e+03
4.424632999999999811e+03
4.640176000000000386e+03
5.495339000000000851e+03
3.227103000000000065e+03
3.552101000000000113e+03
3.873345000000000255e+03
4.612663000000000466e+03
5.128104000000000269e+03
5.597626000000000204e+03
5.874509000000000015e+03
6.175049999999999272e+03
6.470074000000000524e+03
6.754718000000000757e+03
7.015764000000000124e+03
6.174939000000000306e+03
7.662066000000000713e+03
7.924492000000000189e+03
8.183524000000000342e+03
8.431350000000000364e+03
8.656929000000000087e+03
3.681484999999999673e+03
4.760002000000000407e+03
5.066729999999999563e+03
5.343157000000000153e+03
6.423739999999999782e+03
6.696596000000000458e+03
7.133492000000000189e+03
7.667304999999999382e+03
9.317315000000000509e+03
9.556425000000001091e+03
9.793787999999998647e+03
5.635010000000000218e+03
5.844493999999999687e+03
6.125509000000000015e+03
7.124445999999999913e+03
7.439865999999999985e+03
7.759591000000000349e+03
8.078844999999999345e+03
8.393680000000000291e+03
8.675584000000000742e+03
8.916843000000000757e+03
4.489118000000000393e+03
4.838462999999999738e+03
5.186184000000000196e+03
6.151114999999999782e+03
8.457262000000000626e+03
8.734951000000000931e+03
9.352822000000000116e+03
9.652200999999999112e+03
9.941449999999998909e+03
5.533680000000000291e+03
6.760296999999999571e+03
7.033122999999999593e+03
7.335208999999999833e+03
8.669203999999999724e+03
8.969262999999999010e+03
5.999778000000000247e+03
6.317418999999999869e+03
8.418558999999999287e+03
9.576682999999999083e+03
9.907113000000001193e+03
6.824514000000000124e+03
7.141653999999999542e+03
7.462552999999999884e+03
8.424101999999998952e+03
8.720152000000000044e+03
9.287032999999999447e+03
6.105885000000000218e+03
7.791908000000000357e+03
9.138756000000001222e+03
9.418324000000000524e+03
9.687668999999999869e+03
9.913903000000000247e+03
6.879881000000000313e+03
7.230148000000000138e+03
7.938082999999999629e+03
9.339867000000000189e+03
9.633466000000000349e+03
6.945007000000000517e+03
8.456094999999999345e+03
1.316735999999999876e+03
1.435839000000000169e+03
1.747198999999999842e+03
1.922154999999999973e+03
2.100193999999999960e+03
3.093135999999999967e+03
3.247234000000000378e+03
2.290021999999999935e+03
2.480068999999999960e+03
2.748612000000000080e+03
2.908797999999999774e+03
3.824990999999999985e+03
4.007736000000000331e+03
4.186606999999999971e+03
4.361934000000000196e+03
3.193674999999999727e+03
3.596842999999999847e+03
5.043350000000000364e+03
4.761604000000000269e+03
